INDEX SASA RESIDUE R
 1 116.401 THR  6.00063
 2 44.9208 THR  15.0605
 3 74.6406 PRO  14.3063
 4 10.5267 PRO  9.29918
 5 50.7338 SER  8.64198
 6 0.877391 VAL  4.96847
 7 109.518 TYR  5.5472
 8 53.7835 PRO  7.68014
 9 67.932 LEU  5.10593
 10 78.3511 ALA  11.5797
 11 0 PRO  1.226241E-02
 12 0 GLY  1.226241E-02
 13 0 SER  1.226241E-02
 14 0 SER  1.226241E-02
 15 0 MET  1.226241E-02
 16 74.7823 VAL  15.6563
 17 82.1798 THR  12.9937
 18 3.09905 LEU  10.4421
 19 1.84767 GLY  5.74784
 20 0 CYS  2.32858
 21 45.5596 LEU  0.270968
 22 0 VAL  4.63941
 23 91.3491 LYS  4.79705
 24 11.8568 GLY  9.50076
 25 0 TYR  9.47268
 26 87.977 PHE  17.5733
 27 27.0664 PRO  16.7326
 28 85.1924 GLU  14.7528
 29 88.7048 PRO  14.9767
 30 21.1271 VAL  8.66759
 31 80.0628 THR  7.73945
 32 15.9585 VAL  2.93993
 33 51.103 THR  1.61765
 34 0 TRP  4.55273
 35 30.6347 ASN  7.17457
 36 108.679 SER  3.98082
 37 29.903 GLY  2.90574
 38 119.603 SER  4.865
 39 29.697 LEU  8.29078
 40 81.3699 SER  7.61851
 41 92.9238 SER  11.7134
 42 32.4082 GLY  11.7203
 43 39.9074 VAL  8.01506
 44 113.059 HSD  12.9458
 45 63.6243 THR  7.10772
 46 99.4043 PHE  10.3104
 47 130.463 PRO  13.211
 48 15.7937 ALA  10.7264
 49 110.459 VAL  11.5487
 50 84.1564 LEU  15.2109
 51 92.8389 GLN  9.39076
 52 93.4431 SER  13.2031
 53 122.641 ASP  17.6416
 54 45.5974 LEU  12.931
 55 32.7138 TYR  14.0219
 56 23.8376 THR  6.22813
 57 11.707 LEU  6.99645
 58 43.0964 SER  6.19309
 59 0 SER  4.82592
 60 19.3937 SER  9.35504
 61 0 VAL  8.4896
 62 67.6306 THR  13.8587
 63 11.8753 VAL  12.794
 64 97.0428 THR  17.5774
 65 89.6034 SER  20.7966
 66 103.216 SER  20.8119
 67 44.0255 THR  15.8305
 68 26.5059 TRP  14.4801
 69 83.0948 PRO  18.1251
 70 106.15 SER  20.1465
 71 110.728 GLU  14.4866
 72 74.8459 THR  12.8452
 73 0 VAL  9.80805
 74 15.3237 THR  7.43217
 75 0 CYS  2.46784
 76 7.2129 ASN  3.2412
 77 0 VAL  4.65149
 78 17.4173 ALA  7.85387
 79 0 HSD  12.5765
 80 82.311 PRO  12.8454
 81 43.4867 ALA  16.2077
 82 47.0343 SER  15.6382
 83 127.634 SER  17.0292
 84 26.5952 THR  12.77
 85 179.574 LYS  9.14692
 86 29.1055 VAL  8.6546
 87 93.7964 ASP  7.54307
 88 79.5724 LYS  8.19538
 89 106.85 LYS  12.9258
 90 0.951841 ILE  8.56024
 91 69.787 VAL  13.7669
 92 63.6131 PRO  16.7066
 93 327.872 ARG  20.0645
