Index      SASA       Resname    X value    Gly_res_Gly R          Type  Sec Struc 
1          116.401    THR        146.0      0.797       6.00063    2     0         
2          44.921     THR        146.0      0.308       15.0605    2     0         
3          74.641     PRO        143.0      0.522       14.3063    2     0         
4          10.527     PRO        143.0      0.074       9.29918    2     0         
5          50.734     SER        122.0      0.416       8.64198    2     S1        
6          0.877      VAL        160.0      0.005       4.96847    1     S1        
7          109.518    TYR        229.0      0.478       5.5472     1     S1        
8          53.783     PRO        143.0      0.376       7.68014    2     S1        
9          67.932     LEU        180.0      0.377       5.10593    1     0         
10         78.351     ALA        113.0      0.693       11.5797    1     0         
11         0.0        PRO        143.0      0.0         1.226241E-02 2     0         
12         0.0        GLY        85.0       0.0         1.226241E-02 2     0         
13         0.0        SER        122.0      0.0         1.226241E-02 2     0         
14         0.0        SER        122.0      0.0         1.226241E-02 2     0         
15         0.0        MET        204.0      0.0         1.226241E-02 1     0         
16         74.782     VAL        160.0      0.467       15.6563    1     0         
17         82.18      THR        146.0      0.563       12.9937    2     0         
18         3.099      LEU        180.0      0.017       10.4421    1     S2        
19         1.848      GLY        85.0       0.022       5.74784    2     S2        
20         0.0        CYS        140.0      0.0         2.32858    1     S2        
21         45.56      LEU        180.0      0.253       0.270968   1     S2        
22         0.0        VAL        160.0      0.0         4.63941    1     S2        
23         91.349     LYS        211.0      0.433       4.79705    +     S2        
24         11.857     GLY        85.0       0.139       9.50076    2     S2        
25         0.0        TYR        229.0      0.0         9.47268    1     0         
26         87.977     PHE        218.0      0.404       17.5733    1     0         
27         27.066     PRO        143.0      0.189       16.7326    2     0         
28         85.192     GLU        183.0      0.466       14.7528    -     0         
29         88.705     PRO        143.0      0.62        14.9767    2     0         
30         21.127     VAL        160.0      0.132       8.66759    1     0         
31         80.063     THR        146.0      0.548       7.73945    2     0         
32         15.959     VAL        160.0      0.1         2.93993    1     0         
33         51.103     THR        146.0      0.35        1.61765    2     0         
34         0.0        TRP        259.0      0.0         4.55273    1     0         
35         30.635     ASN        158.0      0.194       7.17457    2     0         
36         108.679    SER        122.0      0.891       3.98082    2     0         
37         29.903     GLY        85.0       0.352       2.90574    2     0         
38         119.603    SER        122.0      0.98        4.865      2     0         
39         29.697     LEU        180.0      0.165       8.29078    1     0         
40         81.37      SER        122.0      0.667       7.61851    2     0         
41         92.924     SER        122.0      0.762       11.7134    2     0         
42         32.408     GLY        85.0       0.381       11.7203    2     0         
43         39.907     VAL        160.0      0.249       8.01506    1     0         
44         113.059    HSD        194.0      0.583       12.9458    2     0         
45         63.624     THR        146.0      0.436       7.10772    2     0         
46         99.404     PHE        218.0      0.456       10.3104    1     0         
47         130.463    PRO        143.0      0.912       13.211     2     0         
48         15.794     ALA        113.0      0.14        10.7264    1     0         
49         110.459    VAL        160.0      0.69        11.5487    1     0         
50         84.156     LEU        180.0      0.468       15.2109    1     0         
51         92.839     GLN        189.0      0.491       9.39076    2     0         
52         93.443     SER        122.0      0.766       13.2031    2     0         
53         122.641    ASP        151.0      0.812       17.6416    -     0         
54         45.597     LEU        180.0      0.253       12.931     1     S3        
55         32.714     TYR        229.0      0.143       14.0219    1     S3        
56         23.838     THR        146.0      0.163       6.22813    2     S3        
57         11.707     LEU        180.0      0.065       6.99645    1     S3        
58         43.096     SER        122.0      0.353       6.19309    2     S3        
59         0.0        SER        122.0      0.0         4.82592    2     S3        
60         19.394     SER        122.0      0.159       9.35504    2     S3        
61         0.0        VAL        160.0      0.0         8.4896     1     0         
62         67.631     THR        146.0      0.463       13.8587    2     0         
63         11.875     VAL        160.0      0.074       12.794     1     0         
64         97.043     THR        146.0      0.665       17.5774    2     0         
65         89.603     SER        122.0      0.734       20.7966    2     0         
66         103.216    SER        122.0      0.846       20.8119    2     0         
67         44.026     THR        146.0      0.302       15.8305    2     0         
68         26.506     TRP        259.0      0.102       14.4801    1     0         
69         83.095     PRO        143.0      0.581       18.1251    2     0         
70         106.15     SER        122.0      0.87        20.1465    2     0         
71         110.728    GLU        183.0      0.605       14.4866    -     0         
72         74.846     THR        146.0      0.513       12.8452    2     0         
73         0.0        VAL        160.0      0.0         9.80805    1     0         
74         15.324     THR        146.0      0.105       7.43217    2     0         
75         0.0        CYS        140.0      0.0         2.46784    1     0         
76         7.213      ASN        158.0      0.046       3.2412     2     0         
77         0.0        VAL        160.0      0.0         4.65149    1     0         
78         17.417     ALA        113.0      0.154       7.85387    1     0         
79         0.0        HSD        194.0      0.0         12.5765    2     H1        
80         82.311     PRO        143.0      0.576       12.8454    2     H1        
81         43.487     ALA        113.0      0.385       16.2077    1     H1        
82         47.034     SER        122.0      0.386       15.6382    2     H1        
83         127.634    SER        122.0      1.046       17.0292    2     0         
84         26.595     THR        146.0      0.182       12.77      2     0         
85         179.574    LYS        211.0      0.851       9.14692    +     0         
86         29.105     VAL        160.0      0.182       8.6546     1     0         
87         93.796     ASP        151.0      0.621       7.54307    -     0         
88         79.572     LYS        211.0      0.377       8.19538    +     0         
89         106.85     LYS        211.0      0.506       12.9258    +     0         
90         0.952      ILE        182        0.005       8.56024    1     0         
91         69.787     VAL        160.0      0.436       13.7669    1     0         
92         63.613     PRO        143.0      0.445       16.7066    2     0         
93         327.872    ARG        241.0      1.36        20.0645    +     0         
