INDEX SASA TYPE NALPHA NBETA GLY-X-GLY(X1) X1/SASA DISTANCE_Y DISTANCE_Z DISTANCE_R
 1 62.8149 ALA HYDROPHOBIC 0 0 229 0.274301 0.414649 4.81069 4.82853
 2 60.6816 ALA HYDROPHOBIC 0 0 229 0.264985 11.8095 7.54323 14.013
 3 5.69791 PRO POLAR 0 0 85 6.703424E-02 9.76931 3.97852 10.5484
 4 91.6342 THR POLAR 0 0 158 0.579963 4.75413 6.47442 8.03243
 5 5.26557 VAL HYDROPHOBIC 0 0 160 3.290981E-02 3.66412 4.91906 6.13375
 6 37.6275 SER POLAR 0 0 146 0.257723 -1.22363 5.18152 5.32404
 7 20.7565 ILE HYDROPHOBIC 0 0 182 0.114047 -3.42627 4.86506 5.95047
 8 104.295 PHE HYDROPHOBIC 0 0 218 0.478417 -5.71225 2.97723 6.44156
 9 65.9933 PRO POLAR 0 0 85 0.776392 -9.28541 4.73987 10.4252
 10 16.8818 PRO POLAR 0 0 85 0.198609 -11.5631 0.16458 11.5643
 11 63.6068 SER POLAR 0 0 146 0.435663 -14.8547 -1.61948 14.9427
 12 91.3154 SER POLAR 0 0 146 0.625448 -19.3261 1.52763 19.3864
 13 153.092 GLU NEGATIVELY CHARGED 0 0 183 0.836568 -18.8241 -2.19367 18.9515
 14 55.9177 GLN POLAR 0 0 122 0.458342 -13.2627 -5.22288 14.254
 15 17.5365 LEU POLAR 0 0 122 0.143742 -16.5297 -1.0203 16.5612
 16 132.854 THR POLAR 0 0 158 0.840848 -22.5368 -3.31448 22.7792
 17 111.156 SER POLAR 0 0 146 0.761342 -18.9586 -7.93574 20.5525
 18 33.3996 GLY POLAR 0 0 113 0.295572 -17.4465 -7.02154 18.8064
 19 18.1206 GLY POLAR 0 0 113 0.160359 -14.8755 -5.913 16.0076
 20 0 ALA HYDROPHOBIC 0 0 229 0 -12.4422 -2.76814 12.7464
 21 18.9587 SER POLAR 0 0 146 0.129854 -9.18069 -5.97952 10.9563
 22 0 VAL HYDROPHOBIC 0 0 160 0 -6.52682 -0.118458 6.52789
 23 32.8066 VAL HYDROPHOBIC 0 0 160 0.205041 -5.32658 -2.41144 5.84701
 24 0 CYS HYDROPHOBIC 0 0 140 0 0.344721 1.29981 1.34474
 25 83.1602 PHE HYDROPHOBIC 0 0 218 0.381469 -2.13484 -1.21839 2.45805
 26 0 LEU HYDROPHOBIC 0 0 218 0 4.85472 0.565494 4.88754
 27 49.9139 ASN POLAR 0 0 143 0.349048 2.43398 0.580941 2.50235
 28 70.1311 ASN POLAR 0 0 143 0.490427 6.23637 1.44348 6.40125
 29 0 PHE HYDROPHOBIC 0 0 218 0 9.86106 -0.989784 9.91061
 30 128.95 TYR HYDROPHOBIC 0 0 194 0.664691 17.6094 -1.37088 17.6627
 31 30.6001 PRO POLAR 0 0 85 0.360001 16.6432 0.307768 16.646
 32 107.589 LYS POSITIVELY CHARGED 0 0 151 0.71251 13.0072 -8.19537 15.3737
 33 118.502 ASP NEGATIVELY CHARGED 0 0 211 0.561621 16.5007 -5.5403 17.406
 34 15.0087 ILE HYDROPHOBIC 0 0 182 8.246538E-02 9.76214 -1.27234 9.84471
 35 80.3245 ASN POLAR 0 0 143 0.56171 11.4439 -2.03555 11.6235
 36 23.7967 VAL HYDROPHOBIC 0 0 160 0.148729 5.47531 -1.62205 5.71052
 37 74.4838 LYS POSITIVELY CHARGED 0 0 151 0.49327 7.88928 0.189603 7.89156
 38 1.110767E-02 TRP HYDROPHOBIC 0 0 259 4.288676E-05 -0.60074 -1.01931 1.18317
 39 60.2376 LYS POSITIVELY CHARGED 0 0 151 0.398925 3.06919 5.31611 6.13848
 40 5.46158 ILE HYDROPHOBIC 0 0 182 3.000868E-02 -4.28031 0.64638 4.32884
 41 73.3688 ASP NEGATIVELY CHARGED 0 0 211 0.347719 -5.9081 6.24895 8.59971
 42 56.1299 GLY POLAR 0 0 113 0.496725 0.615279 5.66919 5.70248
 43 83.6548 SER POLAR 0 0 146 0.572978 3.941557E-02 1.78542 1.78586
 44 82.2837 GLU NEGATIVELY CHARGED 0 0 183 0.449638 5.99882 -1.01061 6.08335
 45 55.2675 ARG POSITIVELY CHARGED 0 0 189 0.292421 -2.96871 -4.33629 5.25515
 46 141.803 GLN POLAR 0 0 122 1.16232 5.03176 -6.03301 7.85594
 47 131.704 ASN POLAR 0 0 143 0.921007 8.780737E-02 -9.55963 9.56003
 48 33.5821 GLY POLAR 0 0 113 0.297187 -2.38092 -8.52375 8.85003
 49 30.6213 VAL HYDROPHOBIC 0 0 160 0.191383 0.838467 -5.989 6.04741
 50 126.323 LEU HYDROPHOBIC 0 0 160 0.789519 -1.77026 -11.2865 11.4245
 51 74.5968 ASN POLAR 0 0 143 0.521656 3.72926 -7.17386 8.08527
 52 69.6316 SER POLAR 0 0 146 0.476929 1.71542 -9.98465 10.1309
 53 85.7548 TRP HYDROPHOBIC 0 0 259 0.3311 8.38735 -7.12914 11.0078
 54 68.5145 THR POLAR 0 0 158 0.433636 5.47364 -6.85921 8.77551
 55 142.553 ASP NEGATIVELY CHARGED 0 0 211 0.675607 8.42899 -12.1428 14.7816
 56 81.5471 GLN POLAR 0 0 122 0.668419 14.4835 -6.66423 15.9431
 57 57.6444 ASP NEGATIVELY CHARGED 0 0 211 0.273196 7.3221 -3.59689 8.15787
 58 136.146 SER POLAR 0 0 146 0.932507 8.76477 -7.21894 11.3549
 59 215.667 LYS POSITIVELY CHARGED 0 0 151 1.42826 7.27368 0.129888 7.27484
 60 78.4005 ASP NEGATIVELY CHARGED 0 0 211 0.371566 9.47467 5.95077E-02 9.47486
 61 59.8365 SER POLAR 0 0 146 0.409839 14.7894 -3.54935 15.2093
 62 7.20227 THR POLAR 0 0 158 4.558399E-02 10.4717 -0.13322 10.4725
 63 36.0823 TYR HYDROPHOBIC 0 0 194 0.185991 12.6615 -6.06435 14.0389
 64 16.3535 SER POLAR 0 0 146 0.11201 5.53554 -2.48667 6.06842
 65 4.95512 MET HYDROPHOBIC 0 0 204 2.42898E-02 5.62806 -4.44363 7.17084
 66 22.8502 SER POLAR 0 0 146 0.156508 -2.319287E-02 -5.53235 5.5324
 67 0 SER POLAR 0 0 146 0 1.64982 -3.74504 4.09234
 68 28.0012 THR POLAR 0 0 158 0.177223 -3.68735 -6.13318 7.15629
 69 0 LEU POLAR 0 0 158 0 -3.92715 -3.40684 5.19895
 70 62.9434 THR POLAR 0 0 158 0.398376 -7.21848 -8.19904 10.9239
 71 9.95957 LEU POLAR 0 0 158 6.303525E-02 -7.9676 -4.09697 8.95923
 72 79.8834 THR POLAR 0 0 158 0.505591 -13.3348 -7.54384 15.3208
 73 71.3216 LYS POSITIVELY CHARGED 0 0 151 0.472328 -18.7983 -2.13788 18.9195
 74 120.085 ASP NEGATIVELY CHARGED 0 0 211 0.569123 -17.8154 -4.61283 18.4029
 75 48.1473 GLU NEGATIVELY CHARGED 0 0 183 0.2631 -10.1639 -4.29996 11.0361
 76 10.0135 TYR HYDROPHOBIC 0 0 194 5.161598E-02 -11.7609 1.28717 11.8311
 77 69.4245 GLU NEGATIVELY CHARGED 0 0 183 0.379369 -17.2393 0.965018 17.2663
 78 182.389 ARG POSITIVELY CHARGED 0 0 189 0.965021 -11.0877 -1.06514 11.1387
 79 29.5358 HSD POLAR 0 0 241 0.122555 -7.94296 1.38668 8.06309
 80 55.8642 ASN POLAR 0 0 143 0.390659 -9.80775 9.57425 13.7061
 81 27.7132 SER POLAR 0 0 146 0.189816 -4.70995 8.50967 9.72616
 82 0 TYR HYDROPHOBIC 0 0 194 0 -7.2926 2.50442 7.71065
 83 9.66196 THR POLAR 0 0 158 6.115165E-02 0.371279 6.27922 6.29019
 84 0 CYS HYDROPHOBIC 0 0 140 0 1.42716 1.95979 2.42437
 85 18.9742 GLU NEGATIVELY CHARGED 0 0 183 0.103684 6.24327 5.31579 8.19976
 86 0 ALA HYDROPHOBIC 0 0 229 0 7.37506 2.87621 7.91607
 87 44.1837 THR POLAR 0 0 158 0.279644 11.9345 2.73131 12.2431
 88 7.58266 HSD POLAR 0 0 241 3.146332E-02 13.7323 2.09036 13.8905
 89 139.358 LYS POSITIVELY CHARGED 0 0 151 0.922901 17.9645 0.919674 17.988
 90 60.9552 THR POLAR 0 0 158 0.385792 14.7003 5.87343 15.8302
 91 40.6972 SER POLAR 0 0 146 0.278748 14.0745 9.73412 17.1127
 92 163.895 THR POLAR 0 0 158 1.03731 17.7776 10.6919 20.7451
 93 79.1521 SER POLAR 0 0 146 0.542138 12.7076 11.6457 17.2367
 94 51.4081 PRO POLAR 0 0 85 0.604801 10.3614 7.39093 12.7273
 95 44.8319 ILE HYDROPHOBIC 0 0 182 0.246329 7.68232 7.77527 10.9304
 96 77.0851 VAL HYDROPHOBIC 0 0 160 0.481782 4.79988 9.09832 10.2868
 97 104.645 LYS POSITIVELY CHARGED 0 0 151 0.693013 0.69994 9.20155 9.22813
 98 59.2371 SER POLAR 0 0 146 0.405734 -1.20389 8.29674 8.38363
 99 31.0393 PHE HYDROPHOBIC 0 0 218 0.142382 -7.11431 5.8341 9.20055
 100 57.4124 ASN POLAR 0 0 143 0.401485 -7.17766 11.0415 13.1694
 101 75.5509 ARG POSITIVELY CHARGED 0 0 189 0.39974 -13.5036 5.35841 14.5279
 102 126.381 ASN POLAR 0 0 143 0.883783 -15.9259 11.6845 19.7525
 103 223.492 GLU NEGATIVELY CHARGED 0 0 183 1.22127 -14.4003 11.3349 18.3262
