INDEX SASA TYPE R
 1 62.8149 ALA 4.82853
 2 60.6816 ALA 14.013
 3 5.69791 PRO 10.5484
 4 91.6342 THR 8.03243
 5 5.26557 VAL 6.13375
 6 37.6275 SER 5.32404
 7 20.7565 ILE 5.95047
 8 104.295 PHE 6.44156
 9 65.9933 PRO 10.4252
 10 16.8818 PRO 11.5643
 11 63.6068 SER 14.9427
 12 91.3154 SER 19.3864
 13 153.092 GLU 18.9515
 14 55.9177 GLN 14.254
 15 17.5365 LEU 16.5612
 16 132.854 THR 22.7792
 17 111.156 SER 20.5525
 18 33.3996 GLY 18.8064
 19 18.1206 GLY 16.0076
 20 0 ALA 12.7464
 21 18.9587 SER 10.9563
 22 0 VAL 6.52789
 23 32.8066 VAL 5.84701
 24 0 CYS 1.34474
 25 83.1602 PHE 2.45805
 26 0 LEU 4.88754
 27 49.9139 ASN 2.50235
 28 70.1311 ASN 6.40125
 29 0 PHE 9.91061
 30 128.95 TYR 17.6627
 31 30.6001 PRO 16.646
 32 107.589 LYS 15.3737
 33 118.502 ASP 17.406
 34 15.0087 ILE 9.84471
 35 80.3245 ASN 11.6235
 36 23.7967 VAL 5.71052
 37 74.4838 LYS 7.89156
 38 1.110767E-02 TRP 1.18317
 39 60.2376 LYS 6.13848
 40 5.46158 ILE 4.32884
 41 73.3688 ASP 8.59971
 42 56.1299 GLY 5.70248
 43 83.6548 SER 1.78586
 44 82.2837 GLU 6.08335
 45 55.2675 ARG 5.25515
 46 141.803 GLN 7.85594
 47 131.704 ASN 9.56003
 48 33.5821 GLY 8.85003
 49 30.6213 VAL 6.04741
 50 126.323 LEU 11.4245
 51 74.5968 ASN 8.08527
 52 69.6316 SER 10.1309
 53 85.7548 TRP 11.0078
 54 68.5145 THR 8.77551
 55 142.553 ASP 14.7816
 56 81.5471 GLN 15.9431
 57 57.6444 ASP 8.15787
 58 136.146 SER 11.3549
 59 215.667 LYS 7.27484
 60 78.4005 ASP 9.47486
 61 59.8365 SER 15.2093
 62 7.20227 THR 10.4725
 63 36.0823 TYR 14.0389
 64 16.3535 SER 6.06842
 65 4.95512 MET 7.17084
 66 22.8502 SER 5.5324
 67 0 SER 4.09234
 68 28.0012 THR 7.15629
 69 0 LEU 5.19895
 70 62.9434 THR 10.9239
 71 9.95957 LEU 8.95923
 72 79.8834 THR 15.3208
 73 71.3216 LYS 18.9195
 74 120.085 ASP 18.4029
 75 48.1473 GLU 11.0361
 76 10.0135 TYR 11.8311
 77 69.4245 GLU 17.2663
 78 182.389 ARG 11.1387
 79 29.5358 HSD 8.06309
 80 55.8642 ASN 13.7061
 81 27.7132 SER 9.72616
 82 0 TYR 7.71065
 83 9.66196 THR 6.29019
 84 0 CYS 2.42437
 85 18.9742 GLU 8.19976
 86 0 ALA 7.91607
 87 44.1837 THR 12.2431
 88 7.58266 HSD 13.8905
 89 139.358 LYS 17.988
 90 60.9552 THR 15.8302
 91 40.6972 SER 17.1127
 92 163.895 THR 20.7451
 93 79.1521 SER 17.2367
 94 51.4081 PRO 12.7273
 95 44.8319 ILE 10.9304
 96 77.0851 VAL 10.2868
 97 104.645 LYS 9.22813
 98 59.2371 SER 8.38363
 99 31.0393 PHE 9.20055
 100 57.4124 ASN 13.1694
 101 75.5509 ARG 14.5279
 102 126.381 ASN 19.7525
 103 223.492 GLU 18.3262
