Index      SASA       Resname    X value    Gly_res_Gly R          Type  Sec Struc 
1          62.815     ALA        113.0      0.556       4.82853    1     0         
2          60.682     ALA        113.0      0.537       14.013     1     0         
3          5.698      PRO        143.0      0.04        10.5484    2     S1        
4          91.634     THR        146.0      0.628       8.03243    2     S1        
5          5.266      VAL        160.0      0.033       6.13375    1     S1        
6          37.627     SER        122.0      0.308       5.32404    2     S1        
7          20.756     ILE        182        0.114       5.95047    1     S1        
8          104.295    PHE        218.0      0.478       6.44156    1     0         
9          65.993     PRO        143.0      0.461       10.4252    2     0         
10         16.882     PRO        143.0      0.118       11.5643    2     H1        
11         63.607     SER        122.0      0.521       14.9427    2     H1        
12         91.315     SER        122.0      0.748       19.3864    2     H1        
13         153.092    GLU        183.0      0.837       18.9515    -     H1        
14         55.918     GLN        189.0      0.296       14.254     2     H1        
15         17.537     LEU        180.0      0.097       16.5612    1     H1        
16         132.854    THR        146.0      0.91        22.7792    2     0         
17         111.156    SER        122.0      0.911       20.5525    2     0         
18         33.4       GLY        85.0       0.393       18.8064    2     S2        
19         18.121     GLY        85.0       0.213       16.0076    2     S2        
20         0.0        ALA        113.0      0.0         12.7464    1     S2        
21         18.959     SER        122.0      0.155       10.9563    2     S2        
22         0.0        VAL        160.0      0.0         6.52789    1     S2        
23         32.807     VAL        160.0      0.205       5.84701    1     S2        
24         0.0        CYS        140.0      0.0         1.34474    1     S2        
25         83.16      PHE        218.0      0.381       2.45805    1     S2        
26         0.0        LEU        180.0      0.0         4.88754    1     S2        
27         49.914     ASN        158.0      0.316       2.50235    2     S2        
28         70.131     ASN        158.0      0.444       6.40125    2     S2        
29         0.0        PHE        218.0      0.0         9.91061    1     0         
30         128.95     TYR        229.0      0.563       17.6627    1     0         
31         30.6       PRO        143.0      0.214       16.646     2     0         
32         107.589    LYS        211.0      0.51        15.3737    +     0         
33         118.502    ASP        151.0      0.785       17.406     -     0         
34         15.009     ILE        182        0.082       9.84471    1     0         
35         80.325     ASN        158.0      0.508       11.6235    2     0         
36         23.797     VAL        160.0      0.149       5.71052    1     0         
37         74.484     LYS        211.0      0.353       7.89156    +     0         
38         0.011      TRP        259.0      0.0         1.18317    1     0         
39         60.238     LYS        211.0      0.285       6.13848    +     0         
40         5.462      ILE        182        0.03        4.32884    1     0         
41         73.369     ASP        151.0      0.486       8.59971    -     0         
42         56.13      GLY        85.0       0.66        5.70248    2     0         
43         83.655     SER        122.0      0.686       1.78586    2     0         
44         82.284     GLU        183.0      0.45        6.08335    -     0         
45         55.267     ARG        241.0      0.229       5.25515    +     0         
46         141.803    GLN        189.0      0.75        7.85594    2     0         
47         131.704    ASN        158.0      0.834       9.56003    2     0         
48         33.582     GLY        85.0       0.395       8.85003    2     0         
49         30.621     VAL        160.0      0.191       6.04741    1     0         
50         126.323    LEU        180.0      0.702       11.4245    1     0         
51         74.597     ASN        158.0      0.472       8.08527    2     0         
52         69.632     SER        122.0      0.571       10.1309    2     0         
53         85.755     TRP        259.0      0.331       11.0078    1     0         
54         68.514     THR        146.0      0.469       8.77551    2     0         
55         142.553    ASP        151.0      0.944       14.7816    -     0         
56         81.547     GLN        189.0      0.431       15.9431    2     0         
57         57.644     ASP        151.0      0.382       8.15787    -     0         
58         136.146    SER        122.0      1.116       11.3549    2     0         
59         215.667    LYS        211.0      1.022       7.27484    +     0         
60         78.4       ASP        151.0      0.519       9.47486    -     0         
61         59.837     SER        122.0      0.49        15.2093    2     0         
62         7.202      THR        146.0      0.049       10.4725    2     S3        
63         36.082     TYR        229.0      0.158       14.0389    1     S3        
64         16.354     SER        122.0      0.134       6.06842    2     S3        
65         4.955      MET        204.0      0.024       7.17084    1     S3        
66         22.85      SER        122.0      0.187       5.5324     2     S3        
67         0.0        SER        122.0      0.0         4.09234    2     S3        
68         28.001     THR        146.0      0.192       7.15629    2     S3        
69         0.0        LEU        180.0      0.0         5.19895    1     S3        
70         62.943     THR        146.0      0.431       10.9239    2     S3        
71         9.96       LEU        180.0      0.055       8.95923    1     S3        
72         79.883     THR        146.0      0.547       15.3208    2     H2        
73         71.322     LYS        211.0      0.338       18.9195    +     H2        
74         120.085    ASP        151.0      0.795       18.4029    -     H2        
75         48.147     GLU        183.0      0.263       11.0361    -     H2        
76         10.014     TYR        229.0      0.044       11.8311    1     H2        
77         69.424     GLU        183.0      0.379       17.2663    -     0         
78         182.389    ARG        241.0      0.757       11.1387    +     0         
79         29.536     HSD        194.0      0.152       8.06309    2     0         
80         55.864     ASN        158.0      0.354       13.7061    2     0         
81         27.713     SER        122.0      0.227       9.72616    2     0         
82         0.0        TYR        229.0      0.0         7.71065    1     0         
83         9.662      THR        146.0      0.066       6.29019    2     0         
84         0.0        CYS        140.0      0.0         2.42437    1     0         
85         18.974     GLU        183.0      0.104       8.19976    -     0         
86         0.0        ALA        113.0      0.0         7.91607    1     0         
87         44.184     THR        146.0      0.303       12.2431    2     0         
88         7.583      HSD        194.0      0.039       13.8905    2     0         
89         139.358    LYS        211.0      0.66        17.988     +     0         
90         60.955     THR        146.0      0.417       15.8302    2     0         
91         40.697     SER        122.0      0.334       17.1127    2     0         
92         163.895    THR        146.0      1.123       20.7451    2     0         
93         79.152     SER        122.0      0.649       17.2367    2     0         
94         51.408     PRO        143.0      0.359       12.7273    2     0         
95         44.832     ILE        182        0.246       10.9304    1     0         
96         77.085     VAL        160.0      0.482       10.2868    1     0         
97         104.645    LYS        211.0      0.496       9.22813    +     0         
98         59.237     SER        122.0      0.486       8.38363    2     0         
99         31.039     PHE        218.0      0.142       9.20055    1     0         
100        57.412     ASN        158.0      0.363       13.1694    2     0         
101        75.551     ARG        241.0      0.313       14.5279    +     0         
102        126.381    ASN        158.0      0.8         19.7525    2     0         
103        223.492    GLU        183.0      1.221       18.3262    -     0         
